-0.433807
0.0293118
-0.433807
0.274312
-0.413806
0.0743119
-0.103808
0.274312
-0.183808
0.199312
 -0.0038079
 0.119312
 -0.013808
 0.134312
 0.106193
 -0.0706882
 0.336192
 0.484311
 -0.043808
 -0.200689
 -0.433807
 0.274312
 -0.413806
 0.0843119
 -0.103808
 0.274312
 -0.183808
 0.199312
 -0.0038079
 0.119312
 -0.013808
 0.134312
 0.106193
 -0.0706882
 0.336192
 0.479311
 -0.043808
 -0.200689
 0.121193
 0.214312
 -0.413806
 0.0843119
 -0.088808
 0.264312
 -0.183808
 0.199312
 -0.0038079
 0.119312
 -0.013808
 0.134312
 0.106193
 -0.0706882
 0.336192
 0.479311
 -0.043808
 -0.180689
 0.121193
 0.214312
 -0.0688081
 -0.130689
 -0.088808
 0.264312
 -0.188808
 0.219312
 -0.0038079
 0.119312
 -0.013808
 0.134312
 0.106193
 -0.0706882
 0.336192
 0.479311
 -0.043808
 -0.180689
 0.111193
 0.234312
 -0.0688081
 -0.130689
 -0.158808
 0.349311
 -0.188808
 0.219312
 0.00119207
 0.104312
 -0.013808
 0.134312
 0.106193
 -0.0706882
 0.336192
 0.479311
 -0.043808
 -0.180689
 0.111193
 0.234312
 -0.0688081
 -0.105688
 -0.158808
 0.349311
 -0.153808
 0.0593119
 0.0011920
 0.104312
 -0.013808
 0.144312
 0.106193
 -0.070688
 0.336192
 0.479311
 -0.043808
 -0.180689
 0.111193
 0.234312
 -0.068808
 -0.105688
 -0.148808
 0.344311
 -0.153808
 0.0593119
 -0.228808
 0.184312
 -0.013808
 0.144312
 0.0911926
 -0.075688
 0.336192
 0.479311
 -0.043808
 -0.180689
 0.111193
 0.234312
 -0.068808
 -0.105688
 -0.148808
 0.344311
 -0.168808
 0.0643119
 -0.228808
 0.184312
 0.106192
 -0.185688
 0.0911926
 -0.075688
 0.346192
 0.504311
 -0.043808
 -0.180689
 0.111193
 0.234312
 -0.068808
 -0.105688
 -0.148808
 0.344311
 -0.168808
 0.0643119
 -0.208808
 0.159312
 0.106192
 -0.185688
 -0.193808
 -0.040688
 0.346192
 0.504311
 -0.043808
 -0.205689
 0.111193
 0.234312
 -0.068808
 -0.105688
 -0.148808
 0.344311
 -0.168808
 0.0643119
 -0.208808
 0.159312
 0.131192
 -0.180688
 -0.193808
 -0.040688
 -0.353806
 -0.250689
 -0.043808
 -0.205689
 0.116193
 0.249312
 -0.068808
 -0.105688
 -0.148808
 0.344311
 -0.168808
 0.0643119
 -0.208808
 0.159312
 0.131192
 -0.180688
 -0.168808
 -0.030688
 -0.353806
 -0.250689
 -0.338806
 0.224311
 0.116193
 0.249312
 -0.078808
 -0.100688
 -0.148808
 0.344311
 -0.168808
 0.0643119
 -0.208808
 0.159312
 0.131192
 -0.180688
 -0.168808
 -0.030688
 -0.328806
 -0.250689
 -0.338806
 0.224311
 -0.493806
 -0.420689
 -0.078808
 -0.100688
 -0.173808
 0.339311
 -0.168808
 0.0643119
 -0.208808
 0.159312
 0.131192
 -0.180688
 -0.168808
 -0.030688
 -0.328806
 -0.250689
 -0.308807
 0.194311
 -0.493806
 -0.420689
 -0.218807
 0.0093116
 -0.173808
 0.339311
 -0.193808
 0.0593119
 -0.208808
 0.159312
 0.131192
 -0.180688
 -0.168808
 -0.030688
 -0.328806
 -0.250689
 -0.308807
 0.194311
 -0.468806
 -0.420689
 -0.218807
 0.0093116
 -0.408806
 -0.315689
 -0.193808
 0.0593119
 -0.198808
 0.169312
 0.131192
 -0.180688
 -0.168808
 -0.030688
 -0.328806
 -0.250689
 -0.308807
 0.194311
 -0.468806
 -0.420689
 -0.188808
 -0.000688
 -0.408806
 -0.315689
 -0.508806
 -0.085688
 -0.198808
 0.169312
 0.131192
 -0.175688
 -0.168808
 -0.030688
 -0.328806
 -0.250689
 -0.308807
 0.194311
 -0.468806
 -0.420689
 -0.188808
 -0.000688
 -0.403806
 -0.315689
 -0.508806
 -0.085688
 -0.478806
 -0.105688
 0.131192
 -0.175688
 -0.183808
 -0.010688
 -0.328806
 -0.250689
 -0.308807
 0.194311
 -0.468806
 -0.420689
 -0.188808
 -0.000688
 -0.403806
 -0.315689
 -0.518806
 -0.075688
 -0.478806
 -0.105688
 -0.383807
 0.109312
 -0.183808
 -0.010688
 -0.338806
 -0.245689
 -0.308807
 0.194311
 -0.468806
 -0.420689
 -0.188808
 -0.000688
 -0.403806
 -0.315689
 -0.518806
 -0.075688
 -0.483806
 -0.105688
 -0.383807
 0.109312
 -0.308808
 -0.315689
 -0.338806
 -0.245689
 -0.313807
 0.194311
 -0.468806
 -0.420689
 -0.188808
 -0.000688
 -0.403806
 -0.315689
 -0.518806
 -0.075688
 -0.483806
 -0.105688
 -0.368807
 0.134312
 -0.308808
 -0.315689
 -0.238808
 -0.100688
 -0.313807
 0.194311
 -0.473806
 -0.420689
 -0.188808
 -0.000688
 -0.403806
 -0.315689
 -0.518806
 -0.075688
 -0.483806
 -0.105688
 -0.368807
 0.134312
 -0.288808
 -0.305689
 -0.238808
 -0.100688
 -0.208808
 -0.355689
 -0.473806
 -0.420689
 -0.188808
 -0.000688
 -0.403806
 -0.315689
 -0.518806
 -0.075688
 -0.483806
 -0.105688
 -0.368807
 0.134312
 -0.288808
 -0.305689
 -0.223808
 -0.090688
 -0.208808
 -0.355689
 -0.158808
 -0.115688
 -0.188808
 -0.000688
 -0.408806
 -0.305689
 -0.518806
 -0.075688
 -0.483806
 -0.105688
 -0.368807
 0.134312
 -0.288808
 -0.305689
 -0.223808
 -0.090688
 -0.183808
 -0.345689
 -0.158808
 -0.115688
 -0.263808
 -0.575689
 -0.408806
 -0.305689
 -0.523806
 -0.080688
 -0.483806
 -0.105688
 -0.368807
 0.134312
 -0.288808
 -0.305689
 -0.223808
 -0.090688
 -0.183808
 -0.345689
 -0.118808
 -0.090688
 -0.263808
 -0.575689
 -0.248808
 -0.050688
 -0.523806
 -0.080688
 -0.483806
 -0.095688
 -0.368807
 0.134312
 -0.288808
 -0.305689
 -0.223808
 -0.090688
 -0.183808
 -0.345689
 -0.118808
 -0.090688
 -0.233808
 -0.555689
 -0.248808
 -0.050688
 -0.113808
 -0.160689
 -0.483806
 -0.095688
 -0.363807
 0.139312
 -0.288808
 -0.305689
 -0.223808
 -0.090688
 -0.183808
 -0.345689
 -0.118808
 -0.090688
 -0.233808
 -0.555689
 -0.238808
 -0.040688
 -0.113808
 -0.160689
 0.176192
 0.119312
 -0.363807
 0.139312
 -0.278808
 -0.310689
 -0.223808
 -0.090688
 -0.183808
 -0.345689
 -0.118808
 -0.090688
 -0.233808
 -0.555689
 -0.238808
 -0.040688
 -0.108808
 -0.140689
 0.176192
 0.119312
 0.266192
 0.229312
 -0.278808
 -0.310689
 -0.223808
 -0.070688
 -0.183808
 -0.345689
 -0.118808
 -0.090688
 -0.233808
 -0.555689
 -0.238808
 -0.040688
 -0.108808
 -0.140689
 0.166192
 0.114312
 0.266192
 0.229312
 0.561194
 0.139312
 -0.223808
 -0.070688
 -0.178808
 -0.355689
 -0.118808
 -0.090688
 -0.233808
 -0.555689
 -0.238808
 -0.040688
 -0.108808
 -0.140689
 0.166192
 0.114312
 0.256192
 0.239312
 0.561194
 0.139312
 0.536193
 0.364311
 -0.178808
 -0.355689
 -0.113808
 -0.080688
 -0.233808
 -0.555689
 -0.238808
 -0.040688
 -0.108808
 -0.140689
 0.166192
 0.114312
 0.256192
 0.239312
 0.556194
 0.139312
 0.536193
 0.364311
 0.671194
 0.489311
 -0.113808
 -0.080688
 -0.238808
 -0.560689
 -0.238808
 -0.040688
 -0.108808
 -0.140689
 0.166192
 0.114312
 0.256192
 0.239312
 0.556194
 0.139312
 0.516193
 0.354311
 0.671194
 0.489311
 0.231192
 0.0993119
 -0.238808
 -0.560689
 -0.243808
 -0.025688
 -0.108808
 -0.140689
 0.166192
 0.114312
 0.256192
 0.239312
 0.556194
 0.139312
 0.516193
 0.354311
 0.651194
 0.479311
 0.231192
 0.0993119
 0.216192
 0.514311
 -0.243808
 -0.025688
 -0.103808
 -0.135689
 0.166192
 0.114312
 0.256192
 0.239312
 0.556194
 0.139312
 0.516193
 0.354311
 0.651194
 0.479311
 0.206192
 0.0893119
 0.216192
 0.514311
 0.311192
 -0.025688
 -0.103808
 -0.135689
 0.166192
 0.114312
 0.256192
 0.239312
 0.556194
 0.139312
 0.516193
 0.354311
 0.651194
 0.479311
 0.206192
 0.0893119
 0.201193
 0.504311
 0.311192
 -0.025688
 0.186192
 0.309311
 0.166192
 0.114312
 0.251192
 0.244312
 0.556194
 0.139312
 0.516193
 0.354311
 0.651194
 0.479311
 0.206192
 0.0893119
 0.201193
 0.504311
 0.306192
 -0.040688
 0.186192
 0.309311
 0.0961925
 -0.055688
 0.251192
 0.244312
 0.576194
 0.154312
 0.516193
 0.354311
 0.651194
 0.479311
 0.206192
 0.0893119
 0.201193
 0.504311
 0.306192
 -0.040688
 0.176192
 0.264311
 0.0961925
 -0.055688
 0.0511927
 0.139312
 0.576194
 0.154312
 0.506193
 0.349311
 0.651194
 0.479311
 0.206192
 0.0893119
 0.201193
 0.504311
 0.306192
 -0.040688
 0.176192
 0.264311
 0.0761925
 -0.075688
 0.0511927
 0.139312
 0.0111924
 0.149312
 0.506193
 0.349311
 0.641194
 0.439311
 0.206192
 0.0893119
 0.201193
 0.504311
 0.306192
 -0.040688
 0.176192
 0.264311
 0.0761925
 -0.075688
 0.0211926
 0.109312
 0.0111924
 0.149312
 0.136192
 0.159312
 0.641194
 0.439311
 0.186192
 0.114312
 0.201193
 0.504311
 0.306192
 -0.040688
 0.176192
 0.264311
 0.0761925
 -0.075688
 0.0211926
 0.109312
 0.0061924
 0.154312
 0.136192
 0.159312
 0.0811925
 0.0443118
 0.186192
 0.114312
 0.186193
 0.499311
 0.306192
 -0.040688
 0.176192
 0.264311
 0.0761925
 -0.075688
 0.0211926
 0.109312
 0.0061924
 0.154312
 0.101192
 0.184312
 0.0811925
 0.0443118
 0.0761922
 0.129312
 0.186193
 0.499311
 0.311192
 -0.040688
 0.176192
 0.264311
 0.0761925
 -0.075688
 0.0211926
 0.109312
 0.0061924
 0.154312
 0.101192
 0.184312
 0.0661926
 0.064312
 0.0761922
 0.129312
 -0.398807
 0.0443118
 0.311192
 -0.040688
 0.161192
 0.274311
 0.0761925
 -0.075688
 0.0211926
 0.109312
 0.0061924
 0.154312
 0.101192
 0.184312
 0.0661926
 0.064312
 0.0811922
 0.169311
 -0.398807
 0.0443118
 -0.593806
 0.194311
 0.161192
 0.274311
 0.0761925
 -0.095688
 0.0211926
 0.109312
 0.0061924
 0.154312
 0.101192
 0.184312
 0.0661926
 0.064312
 0.0811922
 0.169311
 -0.423806
 0.0893114
 -0.593806
 0.194311
 -0.223808
 -0.060688
 0.0761925
 -0.095688
 0.0311926
 0.114312
 0.0061924
 0.154312
 0.101192
 0.184312
 0.0661926
 0.064312
 0.0811922
 0.169311
 -0.423806
 0.0893114
 -0.633806
 0.219311
 -0.223808
 -0.060688
 -0.173808
 -0.220688
 0.0311926
 0.114312
 -0.008807
 0.164312
 0.101192
 0.184312
 0.0661926
 0.064312
 0.0811922
 0.169311
 -0.423806
 0.0893114
 -0.633806
 0.219311
 -0.248808
 -0.050688
 -0.173808
 -0.220688
 -0.018807
 -0.085688
 -0.008807
 0.164312
 0.0761925
 0.164312
 0.0661926
 0.064312
 0.0811922
 0.169311
 -0.423806
 0.0893114
 -0.633806
 0.219311
 -0.248808
 -0.050688
 -0.208808
 -0.195688
 -0.018807
 -0.085688
 -0.143807
 0.159311
 0.0761925
 0.164312
 0.0661926
 0.069312
 0.0811922
 0.169311
 -0.423806
 0.0893114
 -0.633806
 0.219311
 -0.248808
 -0.050688
 -0.208808
 -0.195688
 -0.028807
 -0.070688
 -0.143807
 0.159311
 -0.083807
 -0.125688
 0.0661926
 0.069312
 0.0811922
 0.159311
 -0.423806
 0.0893114
 -0.633806
 0.219311
 -0.248808
 -0.050688
 -0.208808
 -0.195688
 -0.028807
 -0.070688
 -0.148807
 0.159311
 -0.083807
 -0.125688
 -0.133808
 0.129312
 0.0811922
 0.159311
 -0.443806
 0.0893114
 -0.633806
 0.219311
 -0.248808
 -0.050688
 -0.208808
 -0.195688
 -0.028807
 -0.070688
 -0.148807
 0.159311
 -0.108808
 -0.115688
 -0.133808
 0.129312
 -0.103807
 0.139312
 -0.443806
 0.0893114
 -0.618806
 0.209311
 -0.248808
 -0.050688
 -0.208808
 -0.195688
 -0.028807
 -0.070688
 -0.148807
 0.159311
 -0.108808
 -0.115688
 -0.158808
 0.164312
 -0.103807
 0.139312
 -0.053807
 0.0293118
 -0.618806
 0.209311
 -0.263808
 -0.035688
 -0.208808
 -0.195688
 -0.028807
 -0.070688
 -0.148807
 0.159311
 -0.108808
 -0.115688
 -0.158808
 0.164312
 -0.103807
 0.149312
 -0.053807
 0.0293118
 0.0611925
 0.0043118
 -0.263808
 -0.035688
 -0.203808
 -0.210688
 -0.028807
 -0.070688
 -0.148807
 0.159311
 -0.108808
 -0.115688
 -0.158808
 0.164312
 -0.103807
 0.149312
 -0.068807
 0.0143118
 0.0611925
 0.0043118
 -0.168807
 0.0093120
 -0.20380
 -0.21068
 -0.03880
 -0.05068
 -0.14880
 0.159311
 -0.10880
 -0.11568
 -0.15880
 0.164312
 -0.10380
 0.149312
 -0.06880
 0.014311
 0.036192
 0.049311
 -0.16880
 0.009312
 0.316193
 0.174311
 -0.03880
 -0.05068
 -0.14380
 0.154311
 -0.10880
 -0.11568
 -0.15880
 0.164312
 -0.10380
 0.149312
 -0.06880
 0.014311
 0.036192
 0.049311
 -0.17380
 0.009312
 0.316193
 0.174311
 0.276192
 0.104312
 -0.14380
 0.154311
 -0.11880
 -0.12068
 -0.15880
 0.164312
 -0.10380
 0.149312
 -0.06880
 0.014311
 0.036192
 0.049311
 -0.17380
 0.009312
 0.286193
 0.169311
 0.276192
 0.104312
 0.006192
 0.149311
 -0.11880
 -0.12068
 -0.14880
 0.164312
 -0.10380
 0.149312
 -0.06880
 0.014311
 0.036192
 0.049311
 -0.17380
 0.009312
 0.286193
 0.169311
 0.236192
 0.084312
 0.006192
 0.149311
 0.186192
 -0.00068
 -0.14880
 0.164312
 -0.08380
 0.149312
 -0.06880
 0.014311
 0.036192
 0.049311
 -0.17380
 0.009312
 0.286193
 0.169311
 0.236192
 0.084312
 -0.05380
 0.154311
 0.186192
 -0.00068
 0.096192
 0.154312
 -0.08380
 0.149312
 -0.07880
 0.024311
 0.036192
 0.049311
 -0.17380
 0.009312
 0.286193
 0.169311
 0.236192
 0.084312
 -0.05380
 0.154311
 0.156192
 -0.00068
 0.096192
 0.154312
 0.031192
 0.129312
 -0.07880
 0.024311
 0.031192
 0.039311
 -0.17380
 0.009312
 0.286193
 0.169311
 0.236192
 0.084312
 -0.05380
 0.154311
 0.156192
 -0.00068
 0.066192
 0.149312
 0.031192
 0.129312
 0.066192
 0.009311
 0.031192
 0.039311
 -0.18380
 0.004312
 0.286193
 0.169311
 0.236192
 0.084312
 -0.05380
 0.154311
 0.156192
 -0.00068
 0.066192
 0.149312
 0.001192
 0.084311
 0.066192
 0.009311
 -0.13880
 0.279311
 -0.18380
 0.004312
 0.281193
 0.184311
 0.236192
 0.084312
 -0.05380
 0.154311
 0.156192
 -0.00068
 0.066192
 0.149312
 0.001192
 0.084311
 0.031192
 0.014311
 -0.13880
 0.279311
 0.046192
 -0.10568
 0.281193
 0.184311
 0.226192
 0.079311
 -0.05380
 0.154311
 0.156192
 -0.00068
 0.066192
 0.149312
 0.001192
 0.084311
 0.031192
 0.014311
 -0.16880
 0.249312
 0.046192
 -0.10568
 -0.02880
 -0.01568



