-0.400683
0.0746916
-0.279064
0.0227657
-0.367242
0.153039
-0.237974
0.100045
-0.085708
0.0934106
-0.224484
0.149299
0.0490447
0.113215
-0.058336
0.0351689
0.0510376
-0.035676
0.0848436
0.225819
-0.527501
0.192458
-0.348034
0.161911
-0.072325
0.106125
-0.175969
0.172977
-0.160841
0.234092
-0.054942
0.278169
0.131116
0.167858
0.251074
0.340878
-0.153627
0.0507083
-0.065588
0.126232
-0.442582
0.0852861
-0.135571
0.217055
-0.165955
0.102814
-0.206893
0.18356
-0.045234
0.056136
-0.000814
0.0312737
0.136812
0.342666
-0.278121
0.0126589
0.0113773
0.184959
0.0013892
0.102143
-0.274391
0.252934
-0.260819
0.0515518
-0.212626
0.154146
-0.070344
0.204606
0.0691268
-0.066016
0.232473
0.416179
-0.295246
-0.079415
0.0048686
0.264147
-0.097429
0.0339863
-0.224569
0.271824
-0.240607
0.0741895
-0.221162
0.123821
0.055805
0.12065
-0.013741
-0.016721
0.342545
0.441273
-0.336849
-0.073955
-0.045983
0.250437
0.0137285
0.045558
-0.211195
0.24877
-0.227607
0.166074
-0.28638
0.150197
0.0349369
0.158429
0.0392674
-0.028905
0.309633
0.411049
-0.237354
-0.111033
0.0115732
0.199488
-0.066379
0.0234985
-0.165965
0.283608
-0.17169
0.0585059
-0.255606
0.224688
-0.011255
0.185818
0.0405441
-0.066394
0.332928
0.454171
-0.199795
-0.061171
0.0342449
0.169385
-0.014786
0.0881571
-0.138438
0.280053
-0.166641
0.125224
-0.2166
0.240946
0.0116657
-0.118593
0.0519251
-0.038601
0.307766
0.446219
-0.211329
-0.119768
0.0168738
0.221116
-0.026269
0.039779
-0.137055
0.297133
-0.120839
0.119143
-0.221237
0.237885
-0.016160
-0.136024
-0.17988
0.043347
0.329265
0.439983
-0.233995
-0.134076
0.0109903
0.222548
-0.036133
0.075469
-0.139187
0.327458
-0.155358
0.159025
-0.239715
0.211313
0.005487
-0.125825
-0.177398
0.0220866
-0.351984
-0.146221
-0.234257
-0.128334
-0.032220
0.237282
-0.027155
0.108325
-0.151708
0.326401
-0.161778
0.127132
-0.234579
0.231978
0.0060904
-0.130451
-0.117185
0.0904976
-0.348457
-0.128117
-0.229744
0.0869773
0.0011528
0.257231
-0.046173
0.11311
-0.118172
0.326244
-0.154128
0.117175
-0.193675
0.207739
0.0097343
-0.138482
-0.14255
0.0647718
-0.301869
-0.138535
-0.243702
0.0875532
-0.559597
-0.326915
-0.049967
0.143556
-0.122965
0.321248
-0.141371
0.107927
-0.170425
0.226087
-0.02797
-0.124011
-0.146419
0.0679463
-0.333848
-0.143043
-0.193191
0.0693598
-0.559393
-0.316147
-0.381097
-0.111506
-0.133102
0.331052
-0.119136
0.14478
-0.163395
0.239726
0.0051759
-0.112286
-0.111412
0.0789365
-0.343627
-0.158252
-0.185318
0.0663873
-0.478084
-0.319273
-0.383515
-0.114397
-0.511573
-0.083921
-0.123273
0.119151
-0.156439
0.230059
-0.025064
-0.11143
-0.095310
0.0677362
-0.335851
-0.127055
-0.184376
0.0367359
-0.503594
-0.327219
-0.297201
-0.091740
-0.544381
-0.063075
-0.611381
0.039358
-0.159206
0.242477
-0.015783
-0.112103
-0.121393
0.0701926
-0.330964
-0.142975
-0.193993
0.0547121
-0.486136
-0.350012
-0.327109
-0.104939
-0.483441
-0.087451
-0.630488
0.0299466
-0.489564
0.014353
-0.009157
-0.131594
-0.11495
0.0708438
-0.309133
-0.158953
-0.182928
0.0668264
-0.509438
-0.331885
-0.330124
-0.108447
-0.478959
-0.074073
-0.613397
0.0631614
-0.495493
0.0077687
-0.343918
0.048115
-0.124209
0.0642053
-0.307345
-0.144543
-0.202656
0.0468036
-0.500242
-0.321026
-0.341663
-0.117283
-0.464955
-0.105074
-0.611036
0.0710139
-0.500575
0.0025267
-0.369593
0.0497343
-0.358558
-0.204895
-0.299373
-0.15618
-0.21145
0.0482549
-0.475868
-0.341074
-0.328812
-0.114705
-0.482104
-0.099312
-0.609546
0.0610085
-0.493981
-0.009415
-0.385619
0.0770783
-0.361786
-0.186905
-0.416488
-0.109013
-0.186149
0.0486734
-0.490699
-0.327873
-0.331491
-0.111739
-0.468979
-0.095576
-0.603825
0.0551196
-0.498476
0.0043239
-0.383962
0.0721199
-0.375363
-0.186632
-0.404269
-0.116408
-0.332505
-0.398961
-0.485047
-0.348133
-0.357198
-0.096528
-0.461557
-0.110887
-0.620787
0.0652228
-0.478085
2.36571e-
-0.403386
0.0818161
-0.362118
-0.176827
-0.395223
-0.086979
-0.351996
-0.421583
-0.30072
-0.066319
-0.32331
-0.106421
-0.4635
-0.099303
-0.607703
0.0623732
-0.48257
0.0253179
-0.389236
0.098573
-0.364039
-0.198395
-0.374541
-0.084526
-0.328903
-0.393495
-0.300984
-0.078123
-0.476698
-0.437516
-0.460821
-0.088799
-0.625833
0.0516263
-0.484672
-0.002581
-0.402342
0.0787136
-0.377279
-0.203623
-0.388744
-0.080468
-0.322171
-0.399764
-0.268181
-0.062674
-0.49208
-0.449169
-0.333796
-0.086240
-0.612847
0.0533996
-0.466934
-0.009563
-0.379574
0.082555
-0.374328
-0.201393
-0.402613
-0.073780
-0.326252
-0.393812
-0.264467
-0.058031
-0.442337
-0.417035
-0.350902
-0.097587
-0.350728
-0.301822
-0.469745
-0.002259
-0.387351
0.0804879
-0.360921
-0.19841
-0.405603
-0.075919
-0.329686
-0.400146
-0.263031
-0.062915
-0.451163
-0.419897
-0.342294
-0.092577
-0.373184
-0.311281
0.137099
-0.021461
-0.401907
0.0691979
-0.364493
-0.195349
-0.386027
-0.072172
-0.335203
-0.390127
-0.246812
-0.067212
-0.46617
-0.429012
-0.334398
-0.075004
-0.335865
-0.292757
0.111455
-0.01921
0.0090474
0.180455
-0.358466
-0.198695
-0.400997
-0.071841
-0.334465
-0.391673
-0.268457
-0.057335
-0.449478
-0.427093
-0.336267
-0.078964
-0.342703
-0.277689
0.135079
-0.006553
-0.000718
0.197323
0.248833
0.196886
-0.394594
-0.060025
-0.321471
-0.391829
-0.256329
-0.071713
-0.455017
-0.413971
-0.328117
-0.087916
-0.334902
-0.290789
0.149454
-0.016662
-0.009753
0.189892
0.247939
0.185277
0.278719
0.177907
-0.327463
-0.397575
-0.248546
-0.059571
-0.450342
-0.40845
-0.332849
-0.081987
-0.334929
-0.286403
0.131597
-0.011655
-0.015727
0.187737
0.243358
0.210444
0.262846
0.194498
0.503754
0.317288
-0.265405
-0.049953
-0.445655
-0.399585
-0.321948
-0.096394
-0.336946
-0.288244
0.135613
-0.015095
0.0004993
0.186706
0.238983
0.205978
0.252141
0.180869
0.518654
0.314157
0.244043
0.200403
-0.456201
-0.406916
-0.34321
-0.093328
-0.33928
-0.294398
0.129961
0.0077230
-0.008884
0.193159
0.241993
0.199718
0.245199
0.180063
0.498413
0.322954
0.237622
0.202309
0.13878
0.324482
-0.341884
-0.094481
-0.329574
-0.289793
0.127419
0.0062153
-0.012411
0.207144
0.235317
0.201404
0.241528
0.163842
0.490363
0.31589
0.195251
0.200801
0.141183
0.325306
0.135514
0.1021
-0.34144
-0.294359
0.136212
0.0086545
-0.015288
0.201687
0.230451
0.210921
0.24879
0.171372
0.493595
0.315781
0.197807
0.207697
0.129948
0.293864
0.13078
0.110455
0.0397878
0.153386
0.137786
0.0097980
-0.011597
0.197238
0.231216
0.192361
0.25835
0.181373
0.480515
0.321748
0.202501
0.20455
0.12267
0.298898
0.1296
0.101387
0.0463125
0.162589
0.125277
-0.044446
-0.015401
0.193428
0.237352
0.195316
0.250237
0.177656
0.49315
0.31407
0.208347
0.202907
0.116392
0.299086
0.129124
0.0975032
0.0396138
0.113739
0.12077
-0.038671
0.17839
0.249664
0.232181
0.201973
0.238864
0.183578
0.489644
0.316869
0.203018
0.205507
0.111315
0.305216
0.132309
0.0992019
0.0375004
0.115657
0.1136
-0.041997
0.174529
0.251249
-0.158947
0.156667
0.244628
0.187266
0.493562
0.307447
0.203251
0.211873
0.124616
0.298861
0.125511
0.0982719
0.0353479
0.112351
0.116253
-0.045229
0.150903
0.217222
-0.155674
0.151521
0.0243279
0.119541
0.493448
0.317284
0.203776
0.202701
0.121319
0.303755
0.140664
0.109628
0.037035
0.116778
0.110043
-0.044368
0.156467
0.215499
-0.173092
0.130386
0.0260043
0.122531
0.0541337
0.221075
0.201979
0.197674
0.118087
0.285861
0.137018
0.106238
0.0357925
0.112691
0.119001
-0.045097
0.162265
0.214975
-0.167077
0.134869
0.0038947
0.137099
0.0535264
0.228805
-0.196001
0.0501991
0.121546
0.287542
0.142884
0.10208
0.0387841
0.118005
0.115911
-0.056074
0.16925
0.211775
-0.163004
0.133556
0.0068135
0.138956
0.0218344
0.218615
-0.206489
0.0494569
-0.388345
0.0740312
0.134713
0.0956547
0.0350136
0.108837
0.124041
-0.039769
0.172813
0.218653
-0.163711
0.135169
-0.001868
0.135442
0.0230542
0.218059
-0.192648
0.0742632
-0.38669
0.0788794
-0.786956
0.268366
0.0315813
0.109431
0.118314
-0.048560
0.169902
0.219219
-0.165416
0.130447
0.0114026
0.144594
0.0152258
0.209844
-0.199874
0.0725146
-0.421313
0.121302
-0.782947
0.277018
-0.40141
0.0414006
0.119157
-0.049696
0.160734
0.232754
-0.165101
0.136011
0.0146471
0.141646
0.0136428
0.211179
-0.197433
0.071987
-0.422489
0.122699
-0.799589
0.310485
-0.404291
0.0487426
-0.386573
-0.080129
0.164634
0.231701
-0.17441
0.135289
0.0175035
0.13977
0.0177347
0.215509
-0.188962
0.0760033
-0.415731
0.114332
-0.806413
0.320057
-0.412816
0.08126
-0.395837
-0.081135
-0.105358
-0.091658
-0.167007
0.142408
-0.004055
0.138172
0.0243248
0.212111
-0.191428
0.0732716
-0.411398
0.117636
-0.801764
0.313675
-0.417185
0.0805453
-0.430878
-0.054811
-0.112729
-0.092355
-0.241582
0.0113724
0.0013346
0.135812
0.0211939
0.216607
-0.180859
0.0683892
-0.415398
0.121214
-0.797955
0.313106
-0.414555
0.0818364
-0.430146
-0.057105
-0.123529
-0.095328
-0.237086
0.0117274
-0.416572
-0.040111
0.0271919
0.217698
-0.206606
0.0569782
-0.404444
0.121372
-0.794434
0.31552
-0.420967
0.079444
-0.423532
-0.052077
-0.125477
-0.0949
-0.246569
0.0314104
-0.41611
-0.043137
-0.233758
0.252427
-0.207382
0.0652051
-0.426573
0.125162
-0.790255
0.312745
-0.417921
0.0825237
-0.423477
-0.052005
-0.12399
-0.098965
-0.25155
0.0315179
-0.433198
-0.038945
-0.233148
0.245379
-0.392067
0.108456
-0.425924
0.119844
-0.788916
0.302999
-0.414881
0.0795883
-0.428747
-0.055049
-0.132098
-0.097387
-0.242069
0.0328758
-0.437489
-0.032876
-0.257325
0.261597
-0.393133
0.116669
-0.247855
0.0347763
-0.795709
0.302727
-0.421078
0.0811249
-0.421246
-0.048448
-0.126647
-0.096755
-0.238756
0.0322454
-0.432709
-0.041868
-0.25378
0.260896
-0.397366
0.117377
-0.241174
0.0347351
-0.030805
-0.021560
-0.425493
0.0796089
-0.41778
-0.049503
-0.130673
-0.103468
-0.247387
0.0311328
-0.431648
-0.036894
-0.257892
0.25947
-0.399725
0.107795
-0.265317
0.0400976
-0.032978
-0.025622
-0.304613
0.0789108
-0.416889
-0.051531
-0.128032
-0.084491
-0.243872
0.03291
-0.436026
-0.042557
-0.250451
0.261538
-0.397634
0.105223
-0.263318
0.0382784
-0.042318
-0.015209
-0.305603
0.0776029
-0.006811
0.0518192
-0.127241
-0.079727
-0.240725
0.0309626
-0.439287
-0.042028
-0.256165
0.260634
-0.400093
0.109619
-0.269729
0.0390813
-0.04531
-0.015171
-0.314157
0.0887114
-0.004478
0.0490185
0.0210051
0.0377964
-0.245193
0.0333003
-0.443206
-0.046859
-0.255709
0.258107
-0.399661
0.113715
-0.269477
0.0445915
-0.039661
-0.01525
-0.310457
0.0928911
-0.018840
0.0479818
0.0223612
0.0401233
-0.042249
0.0644601
-0.442352
-0.043557
-0.249844
0.262733
-0.40013
0.116004
-0.265116
0.0407064
-0.035701
-0.017571
-0.319234
0.0913636
-0.025156
0.0460822
0.0028949
0.0414515
-0.043958
0.0678695
0.0406274
0.119829
-0.250126
0.267134
-0.41532
0.116098
-0.267229
0.0407259
-0.035783
-0.018801
-0.314692
0.094239
-0.022056
0.0444817
0.0041704
0.0421538
-0.084667
0.0590594
0.0426678
0.123194
-0.130097
0.168896
-0.409031
0.106968
-0.274413
0.0497843
-0.038673
-0.015507
-0.31866
0.0909541
-0.029533
0.0424552
-0.003430
0.0425589
-0.078032
0.058948
0.0005542
0.113921
-0.133402
0.170401
-0.213061
0.0688132
-0.27177
0.0510785
-0.040052
-0.018279
-0.31291
0.0911222
-0.023992
0.0463973
-0.006015
0.0405298
-0.079583
0.0588775
0.0114689
0.114135
-0.170737
0.168734
-0.213856
0.0756768
-0.013899
-0.022853
-0.047100
-0.015152
-0.305215
0.0982668
-0.025082
0.0392733
-0.004199
0.0403965
-0.078837
0.0586903
0.0052375
0.115033
-0.171249
0.164838
-0.23856
0.06919
-0.013885
-0.022236
-0.155636
0.26279
-0.304682
0.0965073
-0.018729
0.0428621
-0.002076
0.0349201
-0.076195
0.0569256
0.0079511
0.114703
-0.179415
0.168206
-0.238991
0.0686329
-0.024329
-0.018507
-0.148967
0.26954
0.0603115
-0.069848
-0.020202
0.0449381
0.0123524
0.0317101
-0.084242
0.0638368
0.0078706
0.113455
-0.175071
0.163034
-0.233089
0.0688993
-0.023260
-0.024317
-0.174523
0.250945
0.0623804
-0.070828
-0.152458
0.052233
